0 2 2 2 2 2 0.01305908135 0 0 0.01305908135 2 0.1704178829 0 0 0.1704178829 2 0.1363769815 0 0 0.1363769815 2 0.1006033847 0 0 0.1006033847
2 0 2 2 2 0.01305908135 2 0.01305908135 0 0 0.1704178829 2 0.1704178829 0 0 0.1363769815 2 0.1363769815 0 0 0.1006033847 2 0.1006033847 0 0
2 2 0 2 2 0 0.01305908135 2 0.01305908135 0 0 0.1704178829 2 0.1704178829 0 0 0.1363769815 2 0.1363769815 0 0 0.1006033847 2 0.1006033847 0
2 2 2 0 2 0 0 0.01305908135 2 0.01305908135 0 0 0.1704178829 2 0.1704178829 0 0 0.1363769815 2 0.1363769815 0 0 0.1006033847 2 0.1006033847
2 2 2 2 0 0.01305908135 0 0 0.01305908135 2 0.1704178829 0 0 0.1704178829 2 0.1363769815 0 0 0.1363769815 2 0.1006033847 0 0 0.1006033847 2
2 0.01305908135 0 0 0.01305908135 0 2 2 2 2 2 0.1630581499 0 0 0.1630581499 2 0.1398400265 0 0 0.1398400265 2 0.09309902769 0 0 0.09309902769
0.01305908135 2 0.01305908135 0 0 2 0 2 2 2 0.1630581499 2 0.1630581499 0 0 0.1398400265 2 0.1398400265 0 0 0.09309902769 2 0.09309902769 0 0
0 0.01305908135 2 0.01305908135 0 2 2 0 2 2 0 0.1630581499 2 0.1630581499 0 0 0.1398400265 2 0.1398400265 0 0 0.09309902769 2 0.09309902769 0
0 0 0.01305908135 2 0.01305908135 2 2 2 0 2 0 0 0.1630581499 2 0.1630581499 0 0 0.1398400265 2 0.1398400265 0 0 0.09309902769 2 0.09309902769
0.01305908135 0 0 0.01305908135 2 2 2 2 2 0 0.1630581499 0 0 0.1630581499 2 0.1398400265 0 0 0.1398400265 2 0.09309902769 0 0 0.09309902769 2
2 0.1704178829 0 0 0.1704178829 2 0.1630581499 0 0 0.1630581499 0 2 2 2 2 2 0.1306744513 0 0 0.1306744513 2 0.2200747028 0 0 0.2200747028
0.1704178829 2 0.1704178829 0 0 0.1630581499 2 0.1630581499 0 0 2 0 2 2 2 0.1306744513 2 0.1306744513 0 0 0.2200747028 2 0.2200747028 0 0
0 0.1704178829 2 0.1704178829 0 0 0.1630581499 2 0.1630581499 0 2 2 0 2 2 0 0.1306744513 2 0.1306744513 0 0 0.2200747028 2 0.2200747028 0
0 0 0.1704178829 2 0.1704178829 0 0 0.1630581499 2 0.1630581499 2 2 2 0 2 0 0 0.1306744513 2 0.1306744513 0 0 0.2200747028 2 0.2200747028
0.1704178829 0 0 0.1704178829 2 0.1630581499 0 0 0.1630581499 2 2 2 2 2 0 0.1306744513 0 0 0.1306744513 2 0.2200747028 0 0 0.2200747028 2
2 0.1363769815 0 0 0.1363769815 2 0.1398400265 0 0 0.1398400265 2 0.1306744513 0 0 0.1306744513 0 2 2 2 2 2 0.2313027777 0 0 0.2313027777
0.1363769815 2 0.1363769815 0 0 0.1398400265 2 0.1398400265 0 0 0.1306744513 2 0.1306744513 0 0 2 0 2 2 2 0.2313027777 2 0.2313027777 0 0
0 0.1363769815 2 0.1363769815 0 0 0.1398400265 2 0.1398400265 0 0 0.1306744513 2 0.1306744513 0 2 2 0 2 2 0 0.2313027777 2 0.2313027777 0
0 0 0.1363769815 2 0.1363769815 0 0 0.1398400265 2 0.1398400265 0 0 0.1306744513 2 0.1306744513 2 2 2 0 2 0 0 0.2313027777 2 0.2313027777
0.1363769815 0 0 0.1363769815 2 0.1398400265 0 0 0.1398400265 2 0.1306744513 0 0 0.1306744513 2 2 2 2 2 0 0.2313027777 0 0 0.2313027777 2
2 0.1006033847 0 0 0.1006033847 2 0.09309902769 0 0 0.09309902769 2 0.2200747028 0 0 0.2200747028 2 0.2313027777 0 0 0.2313027777 0 2 2 2 2
0.1006033847 2 0.1006033847 0 0 0.09309902769 2 0.09309902769 0 0 0.2200747028 2 0.2200747028 0 0 0.2313027777 2 0.2313027777 0 0 2 0 2 2 2
0 0.1006033847 2 0.1006033847 0 0 0.09309902769 2 0.09309902769 0 0 0.2200747028 2 0.2200747028 0 0 0.2313027777 2 0.2313027777 0 2 2 0 2 2
0 0 0.1006033847 2 0.1006033847 0 0 0.09309902769 2 0.09309902769 0 0 0.2200747028 2 0.2200747028 0 0 0.2313027777 2 0.2313027777 2 2 2 0 2
0.1006033847 0 0 0.1006033847 2 0.09309902769 0 0 0.09309902769 2 0.2200747028 0 0 0.2200747028 2 0.2313027777 0 0 0.2313027777 2 2 2 2 2 0
